0
4
8
12
16
20
24
28
32
36
40
44
48
52
56
60
64
68
72
76
80
84
88
92
96
100
104
108
112
116
120
124
128
132
136
140
576
580
584
588
592
596
600
604
608
612
616
620
624
628
632
636
640
644
648
652
656
660
664
668
672
676
680
684
688
692
696
700
704
708
712
716
1152
1156
1160
1164
1168
1172
1176
1180
1184
1188
1192
1196
1200
1204
1208
1212
1216
1220
1224
1228
1232
1236
1240
1244
1248
1252
1256
1260
1264
1268
1272
1276
1280
1284
1288
1292
1728
1732
1736
1740
1744
1748
1752
1756
1760
1764
1768
1772
1776
1780
1784
1788
1792
1796
1800
1804
1808
1812
1816
1820
1824
1828
1832
1836
1840
1844
1848
1852
1856
1860
1864
1868
2304
2308
2312
2316
2320
2324
2328
2332
2336
2340
2344
2348
2352
2356
2360
2364
2368
2372
2376
2380
2384
2388
2392
2396
2400
2404
2408
2412
2416
2420
2424
2428
2432
2436
2440
2444
2880
2884
2888
2892
2896
2900
2904
2908
2912
2916
2920
2924
2928
2932
2936
2940
2944
2948
2952
2956
2960
2964
2968
2972
2976
2980
2984
2988
2992
2996
3000
3004
3008
3012
3016
3020
3456
3460
3464
3468
3472
3476
3480
3484
3488
3492
3496
3500
3504
3508
3512
3516
3520
3524
3528
3532
3536
3540
3544
3548
3552
3556
3560
3564
3568
3572
3576
3580
3584
3588
3592
3596
4032
4036
4040
4044
4048
4052
4056
4060
4064
4068
4072
4076
4080
4084
4088
4092
4096
4100
4104
4108
4112
4116
4120
4124
4128
4132
4136
4140
4144
4148
4152
4156
4160
4164
4168
4172
